
power = 2859.5485055255
throughput = 16842.62
composite = 6939.9055361102
